10000
896401
496761
806946
268850
596049
360528
113836
428714
947594
322430
105153
140738
52414
345659
273292
552052
404693
383139
79652
566941
67048
283400
97643
941848
836036
12054
886360
373978
631411
531376
807347
284190
448107
39038
942661
457393
833412
981968
596023
258993
51632
485460
778606
388048
621759
250768
60231
149871
48316
423131
820575
70977
810329
510550
202083
531341
980771
934406
106276
753280
112308
95142
205376
378848
938728
165977
47231
759725
35764
975857
759859
864504
299944
265686
900018
89872
969170
672563
690473
271811
482659
786010
476494
947522
72818
794989
159251
303342
453959
395845
733629
825822
938357
609766
614503
607173
954768
75411
607700
502065
323677
424702
743673
252819
774614
649055
96143
549345
635550
925172
875203
560756
269802
580463
106881
782577
927330
452557
94599
828333
972944
123974
155289
673139
477645
625417
835000
838959
62340
726013
151134
558645
90301
324760
886832
801133
167845
304204
796499
808958
912932
458393
648761
830057
656836
166557
981359
137000
920503
428177
887828
934589
90006
196568
879235
331002
988977
262957
438133
977760
666133
89542
560714
923965
325332
322367
675377
67179
602454
563752
103002
738016
859025
406124
635960
234317
838399
409228
392209
254073
2173
591702
88592
331595
943566
191202
544276
78709
425627
410800
301295
181801
689200
428812
766437
393623
838599
54174
745258
134538
991019
936574
466430
824221
285938
102905
409586
882727
885737
27512
6872
69662
409145
722573
633422
154812
533723
499618
805496
469205
663945
533968
939006
960658
144283
754553
570324
516787
576208
736692
847746
439144
200230
233620
679185
215023
618136
377119
692178
383683
839298
720362
536510
917458
952191
768383
490760
567290
612774
876262
539302
717220
152552
862239
78965
444648
348327
667323
53794
146070
928275
251599
421855
701966
439008
632125
434104
233670
729231
299006
752063
106819
11722
838238
475172
730401
917891
788264
211644
529343
374590
602618
753878
907959
889225
288541
372755
362788
153155
345759
150955
726694
804876
132318
684322
261767
492154
530095
889364
140882
223257
996401
293885
54464
942683
297680
708058
536328
790250
216882
96124
232603
712443
555673
34052
679464
247703
162989
176024
724962
471481
452352
623433
507467
56684
176658
271846
363348
162557
316246
188309
596767
986445
297857
134818
776126
49510
121808
405208
672764
554759
795981
939199
607561
844153
50743
876542
678175
358848
428229
529650
177924
163200
14960
576637
78626
927749
883309
458328
193320
716666
68821
742554
192313
654449
889995
843228
690940
475229
769326
814566
587863
959868
997583
73141
222798
13206
753498
73478
217146
354042
947845
45440
943145
436984
672977
500833
388018
905127
508029
968479
154859
390908
439757
605145
584057
792654
855760
494510
739309
800333
794222
241543
91640
951418
375051
595152
303942
610532
739400
677531
927475
156225
648319
135025
792101
602315
371155
194184
916411
588259
19031
738760
72631
296988
448196
459815
627189
649339
417827
916585
759703
606570
745107
435110
241788
619598
90433
448406
731019
445584
681672
177529
522374
456398
663189
819630
224912
19406
280303
123402
950413
802850
936574
845406
202487
540576
615128
937355
744528
750371
508915
642367
284011
885982
585029
395381
145354
895822
938406
79080
918178
76754
181017
94622
984324
832527
772316
111216
417522
131964
260218
792571
721048
9311
234160
623694
140395
117976
632495
936897
789105
536635
555469
741679
365114
656389
406069
650349
226512
273466
198344
365903
482661
124836
208981
294449
938192
730586
501523
599601
127603
846730
77969
921075
567058
834283
135650
790034
934620
775363
882050
585497
919712
465401
465510
787759
187514
745909
971502
249648
243050
700377
208181
679983
647330
7390
533984
587021
634659
251087
593656
66052
474985
969833
750772
351933
137001
630761
63389
877691
264510
589522
207035
424741
108616
952321
181185
934932
497103
231288
634607
254536
948474
112813
893596
816825
60581
147722
497276
474922
804271
652245
42918
767346
597496
279703
348284
565851
620211
827525
353269
286611
908076
824152
707287
337442
680260
959343
892971
383499
680473
600314
121893
577088
527199
578282
138123
86472
527242
482651
205731
527417
901825
740797
357446
815110
501629
227138
923179
617745
227195
940244
978552
933653
687059
112518
202856
129237
534418
968863
262831
205194
811037
438086
67962
778562
514006
793906
222819
962642
887006
420634
808112
957023
55803
295988
86899
33795
933091
13699
427149
957212
5905
825785
757881
551608
692999
407563
745684
178284
26411
579619
214789
236054
34155
163437
19725
768010
301921
318667
848080
650110
505824
905107
798314
78136
77596
964961
205959
559579
351347
412026
372584
982247
348211
414308
944989
705408
530786
187755
446718
854160
497687
113018
783389
803140
37883
708601
356772
29267
863941
647081
131852
983541
101267
829896
139748
195106
333162
843335
457638
636630
200417
961145
839204
324306
374118
922572
890823
481398
240278
469801
401662
104662
756501
491648
965435
218201
145427
786909
510494
794816
208823
356765
250284
748603
581247
427194
860841
849351
619941
412205
20203
113150
109594
521597
806708
378257
611602
527530
767217
504654
617807
250278
605017
7316
729323
733854
295929
881696
76201
525638
827174
592321
18712
673165
227806
213278
916546
60527
743989
89348
417512
662653
266486
486534
698013
390779
158343
999912
85448
9506
764634
502826
107709
631283
60656
486995
759514
742736
7748
520436
699617
452536
906229
708078
320418
827599
234945
416576
301700
15289
453164
654475
232205
924194
198383
112418
425495
890564
616652
608084
178361
379114
954909
516978
215787
611639
760663
295963
998240
734516
939631
386517
688735
865772
604020
11770
544277
962261
322746
603448
242630
280956
504443
15101
196532
891761
497255
267238
989847
869169
560026
70415
972581
514897
105125
553747
863309
233746
313914
41079
422042
177954
9559
264152
437575
753615
555230
943226
995462
597943
618886
568734
514938
399541
430370
654640
276313
70856
168929
925038
365399
991273
652940
250772
180468
293291
528533
622561
97766
755011
47022
382661
643365
864416
925398
175873
952744
815822
120668
936204
354232
722659
77974
490062
281629
636276
233777
993794
56069
307178
387629
978688
479079
385958
55921
478186
275068
593602
426489
651688
326765
97441
798740
845269
882424
958771
209690
102554
772824
745816
707386
106226
594583
650679
342319
520912
745374
36720
641312
523373
206933
784351
194708
43345
521539
568997
468525
770679
154647
104105
482296
168413
396796
992284
947674
873112
508440
351597
574513
239113
475922
291431
911315
283815
42036
489749
11506
166516
564072
283960
580358
844076
423267
35387
555582
876635
229605
545869
423290
656216
203969
944394
242385
234438
957950
727129
516280
992484
787751
98581
848949
472841
546712
376260
505362
401419
659936
206944
211933
544805
790043
539174
356582
444
204635
877664
760911
669377
225529
209164
998624
44329
640856
809887
58055
85533
588073
988359
398236
921653
403459
505806
286751
137577
271135
758387
907724
791531
262553
763896
238136
523092
801769
589924
39346
91570
122826
59516
777295
245722
720905
562863
593120
300905
874215
294361
857732
758509
203606
916361
946202
412987
489367
628257
381922
802595
152505
678755
843514
599685
805046
321533
130501
530056
646460
476823
4348
62102
609931
189446
520819
364082
270714
216417
25894
320294
858316
136018
28596
634293
630800
496466
874043
985243
899946
340024
372134
809265
651528
956801
363071
574839
617222
90425
402166
890107
449756
926449
218721
591881
941666
484469
510493
772151
248584
988846
140130
65779
899025
78811
778985
983792
889700
840352
780145
807715
42188
580035
925945
406621
442948
432780
975182
338675
162841
370047
415293
967245
802011
186201
813317
264924
790859
984890
872858
770176
284809
410316
2849
84470
705125
834548
902826
398156
985704
890606
294659
664016
323408
10083
348523
812311
229038
133844
293169
914906
925137
664588
117988
238443
735233
51458
891788
462668
743303
473150
325930
883758
551323
998346
685535
684450
572558
286855
403452
321310
158863
282848
491514
423156
495563
734824
965714
968659
652688
588429
706264
846843
198047
562484
294316
330747
59984
279360
211254
773206
584780
973221
43655
607055
918390
834462
137829
430159
404956
134618
495949
343658
273478
529223
759197
631636
690258
650402
864974
688246
775003
296328
3967
148991
987386
627343
978087
146120
764249
415103
381657
520077
869748
958697
889481
598109
338918
221907
602485
416198
914280
122120
692213
729495
840884
533252
260165
89288
140341
604897
896409
855371
170754
696376
121682
497254
295837
374814
781260
129135
599698
493146
722435
629142
684495
136911
168670
282767
107468
564006
272948
300080
551609
893237
200211
80286
341526
516842
71206
759704
258689
844180
912043
261392
199452
610187
571390
140095
524968
320951
164973
874709
319059
84229
945160
224825
74117
423733
982845
385571
587145
382104
714741
203141
603094
804814
398149
80885
177743
379169
522856
674060
67477
35423
941028
80015
903311
652527
526344
662715
824068
321242
778843
255233
139822
147543
686725
362515
441680
981894
109303
743913
884501
546244
75245
897284
126107
40864
713316
456060
832258
622497
50211
597545
491967
289880
350580
946353
733876
767640
714684
987958
850104
657958
993673
275067
699141
378202
952160
627266
636573
245045
17799
128245
736900
685323
638108
794974
797220
98378
201138
728080
66512
713438
474548
294475
267595
508900
618902
168971
700238
564174
842213
467603
997138
804178
226397
397823
785816
997639
399708
812606
397641
938081
963815
577489
36971
181326
285825
766943
210716
956040
214913
575941
344616
199524
425932
701935
268913
398338
741996
79697
383911
684142
20569
615518
897905
554851
678022
794526
672145
238662
774627
609171
463945
955521
748588
246528
334322
777925
716159
293316
735091
792388
881321
86568
531230
214092
70155
692151
345705
933790
360932
570016
644860
113662
999858
529080
507311
203155
383398
406980
929704
689879
499366
237756
290726
294613
46645
143456
779083
763315
480686
356193
814414
178977
611099
438416
391689
848681
22946
368717
509436
798098
244280
359844
752177
105655
951388
612212
142699
61073
645343
637719
610079
177675
598399
451529
383730
435903
955613
556023
477011
708560
419829
552838
47409
615707
48045
70766
506615
64724
300233
28331
15200
5598
886876
746016
628115
141057
106745
746955
297874
861529
357640
299827
489675
856346
957378
733937
851613
395747
931926
464306
721925
69585
801019
924238
209661
615282
438388
721496
667035
381550
508196
360273
573831
959577
765696
149684
702348
334865
813965
405749
19387
6075
543683
912850
303309
329013
133191
782055
615755
42718
221998
556162
776738
507085
881118
894905
119814
646852
965425
167271
714753
377534
79400
686698
332458
95406
66201
52346
557781
747999
729409
314096
296206
468789
113004
259730
820414
422330
273033
229804
349754
783833
728274
192176
891731
12984
259036
639072
247767
348305
693919
685126
980413
419323
255078
525742
312741
748876
931410
402864
388035
162732
948727
519011
551009
796673
90982
701388
100428
805887
854431
661692
613134
167708
125346
566092
263646
947118
962947
760536
672076
811463
201118
693549
128116
611395
247455
333780
246463
634527
23196
654550
477104
719119
6852
494862
885292
457407
495095
127830
291483
183573
971149
652275
837633
173405
504700
516461
347500
281018
52251
982562
91064
448079
731057
685986
331236
556119
888973
356740
568573
271104
115858
824613
799327
516643
50126
126182
675332
833779
668261
559667
671323
25999
2758
291211
918611
741154
58998
73072
760001
97361
648347
168262
207220
684917
298882
823629
246293
735848
149818
929388
83041
862659
637429
274874
193359
280203
478218
651603
14659
290768
839674
518861
563574
708320
766656
878839
882718
61619
802662
157175
48773
211303
188320
188898
660373
219111
823928
918518
153154
886444
947053
576332
622011
878878
223998
749272
944360
953422
92188
747973
206386
663131
907898
591426
880225
55581
895557
546174
495261
672044
533514
549970
392663
112322
776913
421033
277930
824228
205380
317424
95169
344667
353267
971855
297290
303414
771119
628202
931850
605460
523586
815793
434700
178592
855947
527125
808576
284403
218685
960204
502727
32005
924835
686874
776112
321154
359217
604606
762254
893127
329628
807625
335229
42048
437282
181718
568151
617572
824374
884964
478468
741316
995412
849440
539581
824653
89241
932245
394706
90898
453769
355063
914861
275571
53349
485980
664763
351504
380792
162401
783670
671580
680502
374712
411889
281023
181974
950423
623177
438829
339368
662129
370536
185480
252905
375023
737066
146266
770001
981637
417514
191189
303534
855867
241779
608968
811753
294100
961033
394151
362143
810350
744535
535916
364961
933479
609061
153921
51643
932865
572307
933933
855313
426019
248393
961295
369241
193920
724985
653191
128249
483819
99485
32702
170223
681681
792324
336835
787524
58841
320537
854303
5761
962840
382442
474944
572325
570620
796884
99543
759166
793928
839160
358194
603926
343192
656975
403099
387884
99175
909337
712237
438271
901705
662411
493079
834239
536916
596608
699234
748668
732090
773847
30762
424297
843084
438995
763611
322536
812975
832214
405733
39131
33190
343022
494464
20615
921912
187350
419039
379139
403383
310971
909582
372618
398142
504047
224163
879846
612604
408171
134897
73211
972652
996868
773287
329385
513818
584013
922277
773862
340013
541037
924127
100017
255483
116562
436973
10864
747853
193951
850869
540751
221254
203087
41437
839698
365446
78024
755827
754963
482191
236793
218664
905210
254011
11143
690442
947706
777028
1803
581995
411628
264967
593749
484179
251273
631779
891406
427213
19781
784599
228052
560707
383212
870935
612467
541850
750064
87808
296017
447734
450787
448436
450220
520069
251537
524592
310596
673899
587974
676589
168756
692356
52863
649262
540940
948941
702613
62878
935436
974124
361316
405970
659186
740963
722397
655113
494155
636649
747342
87208
792581
858664
444078
200216
770398
919503
383581
945124
258651
638178
295091
178247
441428
233707
764563
818221
751761
20165
615358
768697
648505
931139
804232
995473
247560
612947
867533
800135
664844
522642
275319
675388
24321
494105
904080
815808
289469
273006
721380
9464
96622
396432
661331
228794
413814
862523
114062
192333
720323
250979
305996
629375
291066
617136
825100
136097
791834
367359
377570
613253
38729
29313
146977
134103
765071
174073
86144
54694
914218
70581
724657
107534
879173
344756
797455
689635
287386
492330
722032
229297
301370
932992
629786
224884
751339
531664
97300
585606
645929
371081
793757
796868
181947
934963
990930
775550
719387
787184
955698
689177
213222
608146
139229
738097
656886
238871
518593
830936
198134
16623
947563
63237
154066
852959
126300
410731
54612
408895
494864
847578
46719
263864
198367
548800
459290
46375
268032
156492
226557
318913
984644
94657
427988
626707
40262
896844
91197
282118
396200
362858
509262
725138
905982
738827
932147
859431
673128
849584
439081
879719
50140
169237
644967
675100
279291
923317
690055
947321
489831
999772
467657
4092
730008
756807
469498
183838
141453
583861
943785
168589
933944
493430
296315
573502
404258
52674
620548
21782
273289
323968
458960
743601
182923
325215
313826
182824
932560
723859
13263
504703
606227
951532
994036
215880
383914
928944
471914
978306
896342
110360
13019
641159
350475
779825
526287
262074
901423
160651
605082
128109
82336
230812
826392
929213
731729
14672
610702
861122
710699
664090
821507
827445
782868
795619
793467
229541
665434
451023
58402
907234
214297
566497
103367
297043
516035
844853
462853
765240
724949
168121
33114
480191
246929
379102
549484
392953
960548
18252
251786
385931
128438
891637
245580
567459
266686
320176
691050
509367
419604
406773
93384
456379
457335
122581
188485
814308
583475
579378
297468
185949
658242
727373
408273
365519
482397
940591
291687
26241
725385
830018
124173
818490
765477
769064
38138
444634
365163
407735
787369
372571
188468
674421
242055
858878
359097
353278
878926
857732
301366
589567
313374
713890
298923
342907
290580
32802
858441
8622
290580
487599
732680
122469
56236
889423
215832
240843
134396
969708
510230
736501
646175
415565
986952
906707
987932
828136
288197
891365
244810
682237
616015
273696
316568
606123
203536
502830
292533
971886
457514
869505
959564
887108
766144
114425
616476
19770
280117
567463
355119
495440
873241
387732
805687
537210
333863
137477
80884
565864
727990
627178
298553
820987
809871
532441
764698
158879
484659
573021
85637
127252
669772
575921
695800
286243
515199
932806
538021
303995
858607
316546
236788
388366
935470
853201
741575
675120
895388
107075
546103
282051
938645
326425
428462
586318
408893
258045
371902
220934
549225
180718
741429
686453
506884
73047
661085
530376
540230
560528
404424
904796
840326
248242
1934
33821
877066
962752
401838
850057
33523
461352
452765
803489
871770
188760
742793
80190
793506
788455
532163
722640
466126
56175
955932
56869
324124
704211
453841
751351
509499
154872
924494
246259
459485
84096
71812
256856
794438
82203
852295
157930
498836
471312
716492
982314
787641
186295
386438
692497
134968
772074
81777
103374
116440
700123
652417
510751
379933
619163
497810
285592
625695
565213
313156
807289
570941
79590
205560
930858
757454
338609
885844
786844
378049
552519
280499
308346
561348
410718
783518
851105
96841
885510
189081
608281
780895
930142
612285
618083
523780
810524
890077
167880
135537
803554
926831
162888
484577
804048
313757
420409
385501
82035
706876
53579
971850
38938
828668
618182
721691
702082
378183
425245
225530
613589
282559
71863
492662
528132
327004
44784
341977
275996
759928
705193
809163
145817
461346
837177
834136
998104
375118
692920
161936
419828
267033
741050
824656
16624
226668
24432
149136
926890
76000
720514
600190
666952
430968
766472
911926
387153
358954
446603
675577
340739
298317
983633
855553
264921
799530
717660
707782
473764
649253
654523
65648
106103
762394
625792
468331
579825
655412
837502
347787
601232
650441
593569
411509
292333
230575
496418
345239
575848
919874
51426
164213
918253
100266
716916
687218
423031
393190
814882
931392
377414
460089
874916
333887
530356
958458
320419
927295
869308
688646
748325
191408
541874
300840
845331
506815
267267
570161
846269
802905
885028
923213
911119
992553
928026
852199
809014
481705
439451
318702
878794
707622
518678
576013
362846
297107
115943
173180
496565
844978
72365
251348
494356
487557
556722
283768
57540
151509
832343
121305
53502
91209
229691
840635
184536
440300
723422
468103
594761
480934
720023
292680
22112
406204
949727
912618
509855
999205
696715
18656
105506
265730
580116
621457
813946
994551
455852
994502
949378
111211
58680
885118
972025
206820
447164
475446
276233
713316
732297
561635
260873
284020
712542
742836
469747
520638
948102
639837
135784
989079
971692
512413
356041
41881
214634
273794
266929
926064
263651
286838
301699
287887
836663
961756
459315
720987
321212
617844
771988
388701
542698
559590
405925
294847
782689
99011
973848
130439
945697
331032
117678
478432
517924
656914
925869
518210
29649
641664
369920
690434
979018
806957
415068
825200
331958
974513
315931
953484
498906
739458
239611
449431
634282
718590
313066
707246
398173
872307
933988
985503
107445
94066
438475
721475
836367
548917
45209
843343
878793
143132
464699
645934
723894
747049
956056
660119
509477
35578
511891
487578
361882
669999
190811
405958
568022
299483
286705
869656
541724
906175
741657
296493
528213
716128
178562
564524
386641
174242
149842
831457
755029
920381
73780
524514
810203
19846
516727
347684
633516
45602
22598
552833
251316
723546
810250
171888
840368
37669
789812
107437
503353
899518
325472
498217
78152
967656
829386
600677
945859
636192
83454
41703
423141
101241
46576
583592
76788
934854
878879
199491
415919
299019
373831
693207
127865
120528
687574
790399
551786
286168
990038
611569
955944
159081
727574
988278
446521
781227
343626
154207
699256
624374
221692
110297
82918
461449
188551
226925
1465
476700
172236
71601
475034
463744
596689
967397
66352
28807
439783
454623
506527
7317
148021
478756
717137
566264
460214
295704
133402
132222
432425
362679
35805
948404
972638
545480
317698
495490
350600
343021
191655
450120
984312
671322
342328
287796
171665
146339
774153
898303
931155
884446
753373
320594
849208
14052
688898
146443
185007
93680
494522
994366
880531
798682
976588
880066
172852
92319
52195
482036
648983
298721
332185
41830
288391
907547
932619
470039
410887
429555
314553
74487
426864
715761
33188
356564
302859
553090
15160
689642
651904
925270
784586
220555
911179
94159
417907
197564
276154
595568
443153
220691
446375
886629
345704
513649
719176
910770
852062
219783
399348
237705
596007
749724
595677
658251
232807
861253
289800
228464
722347
539559
903881
818275
116587
436090
90299
727164
905704
657781
908682
311834
245795
728172
303573
644071
303943
712089
898759
960992
626860
280405
10392
437417
114818
298736
686358
746661
658491
11781
470790
355121
555104
401695
453961
112706
13701
886794
550889
310606
776387
792632
549673
390605
556648
874383
727370
145472
430380
948786
46424
240890
615129
264142
513300
696924
314845
453708
670541
951569
961778
915039
863891
790194
351163
648531
57017
892632
669166
519571
158808
675898
725106
969374
566432
116205
597326
25166
709725
21025
649375
214973
846578
835951
217536
78196
609495
967615
869128
830791
524307
299976
119991
900864
358747
427450
243466
464905
58501
453382
361072
227986
808751
13825
547903
281993
925075
446649
502726
921819
190008
880403
781078
607416
66141
567946
476463
514690
905413
165153
630103
894762
994328
357074
287148
843400
451082
266452
452854
467132
922368
749363
177546
459867
615799
869740
663987
46321
8949
532233
903608
386054
458219
157853
515642
769274
387996
661120
659857
353901
150351
199728
757483
24843
457684
450871
545408
295496
516441
34152
228751
118276
638605
829856
395632
669658
69424
234460
723464
435574
533505
420909
916851
742529
958663
381025
841242
668587
407192
260863
773787
90705
914645
462899
186865
682873
982113
903616
367625
761518
838874
162205
200401
544968
103287
74240
486813
98275
981443
498291
334781
607612
265840
671952
909682
581739
460536
540623
618164
224855
82282
531849
133991
856848
65482
462708
383522
17474
303920
629758
201324
702337
34121
175937
49505
25026
774252
949683
600666
307346
675360
863874
528607
889609
139717
72444
93344
917770
61590
121362
926324
154530
700078
478109
626905
271174
574932
65812
397807
482077
705668
376190
979183
826706
697909
44287
770209
770436
122813
188403
122288
57728
106534
406290
156673
767072
576748
443075
380471
48635
174458
105292
605192
931515
471342
323836
554582
22431
605802
326176
922208
778064
156837
726739
869895
334191
467642
664449
80929
710492
720050
445910
666591
699574
334216
831776
428032
332345
33624
207090
457031
128073
878831
107383
942973
566281
950953
499583
706941
919313
323982
56651
530915
688312
228687
380355
792374
370472
767811
189655
238530
957735
493855
47942
466767
797264
991559
452918
638507
258345
230612
813187
913494
335887
781052
772509
462405
430920
502381
802413
929953
460507
192025
900421
931189
983787
816509
244282
673799
78728
982734
3390
848871
784837
267634
291555
485918
185412
711331
912041
287178
534357
261638
467815
131699
933745
250637
631991
416517
642975
53000
546697
48430
712862
765213
603300
164289
386818
649064
961809
113859
338122
331060
427917
956379
927885
729841
94349
236552
220332
35702
78405
960718
46309
605444
580300
776595
612609
92183
574210
746804
724291
608881
752909
651750
621421
493249
14271
445216
403152
527766
800432
881553
629871
906627
292284
70820
287415
465175
65147
481828
298990
821133
854376
507913
25486
677085
313441
201911
530337
554159
258619
30352
519484
765917
765156
130084
954681
649157
864846
87463
833760
108849
284795
626918
516794
313302
943196
787813
474524
483225
161233
410715
10961
176407
21289
677192
149249
781906
679955
258343
124323
704405
605903
352511
346740
707872
457983
237676
159102
769946
532478
27556
990246
267339
243483
654416
689550
174020
446150
571030
419013
265215
790388
325483
294155
720455
733700
703308
312106
746340
822281
741173
503119
10495
593585
998753
377291
298399
397058
527186
944322
804342
650919
289543
379326
849848
165496
520100
5858
903076
188536
229744
600848
269875
460311
509764
592181
183623
256592
476597
390025
664953
808866
275181
903831
419661
397453
578036
933676
144740
732664
10390
455006
665554
68367
957776
296441
387210
946302
678477
589719
200826
502702
662710
484320
402175
600122
602399
550048
188086
276577
178026
403756
319688
57250
961664
549509
579871
696194
465333
343157
214050
717070
943353
263902
543951
23027
336182
554402
97563
952290
55279
429381
895941
217557
29923
466274
985174
97305
276862
381822
466489
654533
495770
415773
38497
347349
290273
840076
965902
976516
214691
952532
146022
240098
303979
894111
133114
994358
334936
630521
721373
594713
247629
515151
305978
876448
547138
326074
360483
62669
645878
561633
392131
369900
906048
354565
529827
32537
341215
449276
322612
851839
582730
102822
146439
169518
351535
895826
431610
775248
683453
491067
51026
498027
115373
982748
824429
386196
574701
801015
946946
812119
369994
835723
903590
934675
279939
357271
373262
511806
456785
62268
956087
256367
958343
283749
117125
170960
732725
473440
697465
418062
595759
667572
510192
835038
865060
559627
336453
619879
676036
281982
715466
978114
650452
848527
724133
763705
467704
531365
112971
184354
21280
730738
675682
517657
934247
301306
449011
75712
280361
584597
284987
759478
874480
343588
39243
356017
265856
443927
431930
325486
872940
249966
346881
97349
933605
159597
953980
226484
97520
460733
128518
431453
190887
649897
327183
992990
315989
692636
810109
488799
106854
466579
56291
879875
64932
761832
217518
850043
407911
48291
630721
981242
778910
512495
221015
464777
382437
762919
917890
451527
672571
764942
880678
299335
164044
79468
710127
818735
62600
259648
242719
659954
278949
950377
886895
395004
706556
746755
698333
495376
390457
319268
898598
374753
190698
43215
327809
311479
776165
449617
375178
161702
712014
374009
460321
225167
105807
582401
994163
783402
362345
362368
99553
47071
845183
109259
23152
835689
420306
963979
651227
887789
390089
619418
537813
556132
680131
974610
675973
673070
153864
421236
748093
229879
745238
488273
345162
953585
963961
679680
678938
162455
363780
420191
327828
551427
76616
376261
71764
444204
914683
932116
175571
295358
597473
882378
228005
651956
788943
389908
659135
1092
621354
32522
550024
940100
608209
119473
553102
644967
543484
457275
647546
258088
158743
257190
874854
541617
215744
85370
114059
882862
55202
958616
658880
451890
500212
807816
602436
122016
226193
370001
761556
659349
880530
257393
2843
104980
699390
358684
614972
408221
522831
612789
13682
677859
632427
548969
776544
404199
213335
726956
591028
19646
68330
812240
436668
657820
146559
242840
441316
865130
617937
167454
460349
527006
268974
967138
9389
124098
89200
442826
619274
811964
509060
301749
606465
130011
206251
390011
213817
160673
250948
273758
250871
456238
530854
900492
690025
336994
153873
621899
663977
402303
523741
991034
980141
281724
596242
686078
798036
171604
633730
384332
425458
16967
776566
202737
700631
430942
450697
907374
496070
412396
651922
581326
709936
407223
185815
183037
651426
550378
505554
860108
150385
478104
989016
764520
857883
753595
794431
371220
578978
290786
341742
910611
352156
689340
756562
181959
379815
385920
474921
122706
309161
5669
605846
902232
656366
611069
505708
880690
497736
162798
103805
186133
493704
541540
425668
912066
443520
513834
237175
273055
582094
938824
921884
528852
1637
507740
619222
600021
511602
497959
512994
495666
919630
655858
754402
585843
404541
796023
90084
645890
557426
48049
684447
672646
285480
278440
261122
748379
946733
244736
71441
561071
168193
933216
936324
581885
716638
307154
794662
988043
748835
272833
527320
847232
300295
450166
489959
784547
213510
886399
979764
545471
119027
313800
891740
731778
513454
269846
881030
543215
956327
510170
230219
695102
870571
650498
441020
809252
75637
609977
736923
168438
234751
200070
634333
545331
260746
883931
515176
893328
521553
917552
712842
175710
465262
985987
280338
960447
83777
336662
849482
645203
448949
636745
337780
231131
376572
437533
128764
196075
547374
899307
313300
43353
187886
97778
463009
298138
219047
408314
531308
689822
748533
522394
716150
705594
461456
671593
233977
128302
71104
988183
484849
954722
457430
898465
147505
170857
469410
9556
998417
84146
105323
890439
997172
311898
671209
14033
33424
633986
966826
249204
929814
605825
550821
432042
555739
392104
374817
91284
349416
344809
564160
455794
780117
329354
169625
765026
931132
80338
3888
603040
739254
108856
98954
208651
519583
760444
710032
422073
939804
757624
535560
995158
43353
286504
95151
683275
625325
103530
112346
491833
904755
594678
568065
510804
473629
148180
904107
230955
20461
397280
10142
248703
91758
481821
534997
393605
307070
782087
65274
144852
618538
239072
482920
860849
334969
895978
487744
767587
291043
935706
537860
990297
113069
375087
751312
763048
931148
252957
659858
217291
115057
608975
382579
650359
258787
969858
326130
580992
256189
1399
496060
861909
836307
736276
161667
682342
946029
106022
308004
578177
955865
173817
994034
266350
189894
479705
468362
903754
467430
957383
920040
582289
168205
796632
484001
848626
558260
942857
965887
297611
351979
664441
601298
367326
831981
260936
691350
823614
864045
983097
777471
360728
670171
355900
238624
475455
20289
422018
290147
402299
410664
267855
514526
688067
355576
467464
322122
331441
592630
326796
279968
431502
437613
630168
433014
303875
943157
542917
781531
99996
929841
846196
654930
52459
207109
427633
962985
514590
469815
889814
315312
828825
327522
737794
460387
532666
57874
89303
162057
833000
312959
50427
581539
155220
251086
211647
341193
278617
183996
400487
943611
548698
932994
841627
870033
935216
964084
395164
336384
539295
806909
527692
375895
238333
47156
877510
874715
301486
491209
120550
29251
838425
943823
555862
133049
625204
150213
832855
459410
125693
135713
216774
204939
668098
4621
367289
388219
895893
865334
796482
728775
482007
717082
418248
935591
507094
188646
96020
784937
973272
190184
832422
720717
319474
97792
608245
785533
762006
644219
83964
232149
558012
735008
978023
546292
873458
670874
678348
798912
379930
8077
908674
164230
267427
847019
789954
901490
415683
912320
129039
380316
152362
501375
588787
194406
151569
338219
38810
470273
593832
82299
39150
213606
959383
460786
251903
105142
270658
161994
50431
777577
195626
620593
518403
176458
700632
105084
503099
794505
303238
589132
152033
850590
796594
846751
670969
856436
920744
13608
151920
583185
517658
52447
336491
244590
306323
383382
844895
887642
580296
691376
51740
859063
866347
674734
188137
264781
64938
987728
630099
984764
609340
519961
103630
756760
330737
746259
294073
398955
363238
250122
594757
652065
926841
541960
551693
335602
874083
346861
523252
588957
213000
694520
7874
790505
692156
836273
336628
800211
518570
667653
704467
288076
148651
22651
924582
584206
186963
3386
907374
2320
553429
364638
108297
305861
578307
419044
58003
731196
718278
753399
609955
63290
30034
538489
979245
619982
237980
900995
736972
619899
40820
187590
618986
829279
660189
621001
966764
56924
180010
611731
935842
490694
440781
691525
451636
225527
155992
427997
841378
987269
152585
51080
193841
996656
936545
194788
151089
233546
785893
494260
213515
326381
32461
962363
56753
584960
963830
443563
451200
692158
539976
793826
825644
183297
944712
422929
464872
891357
645268
150923
929527
478031
417494
303548
763338
485445
259525
424004
570726
282018
203357
266655
938048
522882
796957
365586
410397
309400
28205
118103
16554
93907
939355
361640
98160
766334
195953
287404
826789
779705
586245
672065
832582
554996
752812
837507
665798
935960
921253
356813
413906
669492
27985
958788
272008
364305
100715
711119
124529
505554
707503
318852
129468
644475
136221
866984
349046
346191
19046
28728
684253
633305
197911
315527
606367
106512
480259
761871
635621
38563
877381
563506
315006
835279
47357
521614
848192
137908
515624
542740
521687
578551
202902
790049
933521
629329
306863
6862
671654
588630
294013
468021
117366
931500
300356
698410
322337
394141
651698
354043
225609
323323
376791
683150
676274
862149
337484
756654
240064
477702
80028
238057
136190
604231
524471
167839
813900
389719
357034
37784
74329
596320
102119
325504
653835
214009
403552
841591
369601
635529
439282
399366
453760
260120
931641
75141
472823
291686
441742
276502
330922
237340
381521
461632
995586
587330
339844
470299
860359
428199
84040
865904
222000
901353
687544
183036
795934
657871
245818
390670
561828
684044
769763
391479
18481
604677
102226
374954
156986
511424
684435
228947
458021
710516
61101
998120
861777
516208
753158
448435
86786
850352
641721
785108
780913
838675
309100
972550
512030
924850
159985
617320
52804
939320
149379
221639
193493
164179
814046
976609
634018
442390
931326
115172
872992
976202
806154
541767
777902
10162
299248
111026
478665
596510
874593
711744
110926
131534
890100
290253
257859
423591
519796
177224
771204
76380
885360
721705
181867
846035
731802
487759
897447
206184
323717
44365
316306
561582
790461
380562
985599
77983
560537
867241
495103
653330
408894
798285
199776
567109
521275
533051
27641
971928
597105
612597
94010
291980
132659
161300
663505
739928
756459
303947
854979
888889
50303
424560
51369
454389
755161
696500
655689
46709
245036
395252
569881
369978
238795
986747
882552
797163
469071
210473
242838
897565
34301
231849
359380
570993
15311
810824
140357
830955
257199
850170
340632
839602
871236
816001
86887
773571
464605
793634
711352
942006
705469
679719
869451
685283
914768
34142
731974
299381
904118
675257
322708
815330
515407
709533
969992
522195
84208
389918
929937
824626
865230
778203
693824
799472
153825
30554
87889
113258
865471
569687
853249
883550
295798
345611
755753
109766
781761
611407
937623
738032
657348
412154
881384
985563
488312
241030
330600
263302
533403
893606
666403
954134
461563
539301
925931
887337
854782
438417
622027
297210
644796
521069
571895
197237
303529
392661
316947
98079
442244
992807
853134
292285
297023
390107
986821
199989
27423
441288
501800
662978
766029
880891
677163
588688
717075
635118
910453
717831
221249
784263
307959
282023
643225
236306
418658
330136
536525
784878
728961
447590
363661
217667
927001
948941
825617
550036
2574
136909
224026
261155
645893
217202
957156
296281
917494
651834
157773
717842
761592
82557
205406
489188
985595
567901
3199
63214
655248
708345
895255
748496
650657
597382
800656
462952
936488
358931
90678
536644
912386
241985
925242
243623
996404
951585
255155
239528
791208
867693
582351
753731
17364
567609
844153
483400
39487
717351
944172
843357
588223
666830
175559
885836
378108
708608
575918
314366
588984
431645
297335
611631
430141
217127
886945
65435
935370
109766
994093
682334
270503
985720
253159
773057
208127
656749
928317
41988
50007
470449
428903
149343
580636
363147
718103
781838
209262
22581
725993
155442
276280
687227
132868
937574
948183
467319
477965
579471
642343
608736
807901
189007
419502
970654
586463
21406
233817
745021
984356
945091
65104
882599
219311
85774
83572
785223
675870
292887
267278
581039
754693
860431
229520
201506
129889
859944
462656
194934
722428
276066
188631
514352
182592
831477
956
555219
78041
312551
258007
317978
58337
782567
338
311949
669160
963793
108676
301866
809979
988787
252682
324237
248961
15182
42122
100676
514316
995483
27284
857633
148541
563063
57843
401380
779113
271277
675884
833880
108281
163367
22762
512346
75159
390118
549735
616843
66266
531005
982713
2758
882523
7700
753556
354436
253471
758480
922235
483059
559005
192000
449378
439562
711018
632061
980114
297726
396276
817188
32280
870143
286784
890103
422366
623145
866263
825101
665255
905131
275904
662896
323760
995716
949960
84192
243173
454223
484281
191123
633278
406829
989332
240994
23137
331022
142544
174761
234486
41215
300193
332345
101490
356077
773092
612853
671416
812593
477672
512277
838680
986635
291696
527068
132412
46815
489117
602427
680360
61501
453140
470615
120124
666905
863708
44859
6920
726026
223916
158255
752393
438038
512488
981217
878367
243164
835873
630235
556566
495569
174038
421639
90373
369040
158003
453390
245639
401433
432128
835862
642124
150540
91761
463372
548112
440655
936149
141137
446408
83595
595647
819644
685939
618282
418537
959993
305510
639121
244199
894981
37726
113834
302150
939209
873364
184163
447768
707435
757257
642826
898093
758490
4257
483196
479502
664288
446425
177559
532044
80834
776686
25201
950481
67379
674935
188777
532302
352558
831263
174970
90298
228901
89262
539494
895795
686293
367517
186823
951660
654909
271579
253840
757833
338169
314326
974591
643492
566296
142462
453685
653746
254058
721274
571593
885617
749384
302087
195456
325537
830165
623193
483191
215459
966991
18503
678525
358673
46114
261988
684518
38184
519345
858365
281451
792578
485023
553482
480800
15711
79682
279127
826453
344200
283248
654309
968131
451229
215135
289001
762264
948431
649118
923300
144444
430425
731403
260636
835405
735658
782156
607714
466284
836356
924841
411382
30164
241814
227562
573787
177538
541171
216179
948665
990156
535688
606651
600226
434482
213023
227186
757911
329818
932617
279231
662001
588397
902471
452042
962247
697250
23929
28440
238544
112736
981704
333597
523554
572006
407160
22867
163558
169115
249943
308458
517334
603474
464235
765235
292354
533359
459372
348997
746058
402960
493308
171320
230887
358921
165535
669338
435791
950682
810053
18773
190630
199541
606034
105397
954397
796897
948516
56296
557549
845203
671192
636635
464754
349716
185244
689232
27614
685392
779750
402522
931625
49517
403483
339037
383698
847307
122571
86189
312698
192257
325427
530358
614682
42358
376267
889575
42
76569
817164
382968
590955
567984
294736
889790
334778
273226
322242
977064
645442
80925
118151
505516
56461
145593
879683
663697
389094
249506
54870
345907
716270
409677
169911
648410
596497
639627
384099
488146
734134
123952
70421
685255
674628
158822
368395
196055
81240
422873
330805
719099
250468
449909
581405
13616
811244
163872
779514
418540
966248
526313
349762
426672
225496
4759
568238
649132
695297
384556
621133
480834
449569
510801
86303
132369
777976
116575
963039
575049
934424
193943
248448
742189
918437
945302
89947
876173
960575
667375
929238
747032
732424
603051
390228
448166
537895
249998
832705
743713
677658
734796
43245
653869
145746
752998
955054
917211
292942
690696
782713
654188
395302
691635
863272
892595
233724
592906
361465
964229
551976
532411
50224
469805
358964
223109
144374
142292
228524
268280
218168
121308
709534
884528
488766
769879
227680
335749
350071
863263
246120
607898
233868
514933
117717
242201
482018
20471
584160
41028
752085
822889
648654
926124
592692
585755
390395
777596
673334
65514
947538
796953
40934
630391
902696
411429
156260
351113
175314
110502
302578
49646
922703
77338
965401
178671
896692
54248
837839
819660
367018
808811
578416
100894
775200
882404
615136
297580
986710
664767
677048
913806
986513
216012
922454
958953
743739
761427
827686
89590
901614
195075
15078
953377
287223
785549
309781
850974
111022
107766
117787
393233
931921
735885
549942
630230
403157
126549
809666
715654
364438
859423
819931
991928
116679
543382
869696
408419
686660
688276
945671
598100
915515
287074
49171
627856
17889
654054
693737
94133
608769
760950
362950
63151
426524
959144
71592
323830
54042
257401
942830
183674
124539
709372
982635
209235
953858
309803
483282
295814
400548
579511
326072
473078
52862
78512
756375
901437
202479
606125
65301
902445
1295
119567
527725
398073
780749
998216
833540
645567
114972
42366
579076
775961
613244
410382
34739
130689
631102
844700
991826
766108
493747
630029
339743
366268
183444
409706
600933
386750
394117
34011
480601
9951
444430
726683
993156
158975
36409
401845
600022
535163
944562
596660
900279
40271
794524
315013
826349
777909
765611
706409
526169
285170
7773
722961
207691
374056
480246
15313
377987
44682
704595
40853
135091
166212
671355
827128
192070
29234
874684
711685
877585
898877
845129
796689
165772
586504
512313
117255
690815
976499
365971
790440
551688
499179
732675
308397
135987
799401
614918
809412
455982
87722
734767
756042
574780
224610
601297
800273
2260
657808
143857
390844
866033
413465
804958
169011
24308
587654
298565
820761
605922
654375
378200
707321
665017
637281
17945
503914
70875
938798
568883
895295
843356
774457
306176
29111
853220
42289
136614
461232
333472
610044
83451
579798
125038
425596
264250
588715
77608
155860
971613
929799
430777
682399
708855
52845
887484
673529
440099
250417
429693
496597
141088
115357
159782
390448
54241
292687
294227
566479
162252
222805
789241
313913
777785
852056
105828
944983
218527
741729
376632
176487
269346
992137
12942
208925
198408
112552
228955
595805
126600
374320
58568
487388
82557
184913
641284
447068
14999
705884
46732
381282
115779
37887
514312
48778
820776
305607
34747
165806
809155
171454
175593
717580
998867
646253
400370
269989
632987
809091
512131
382248
121650
360055
145947
367799
954422
796308
921116
482608
872720
784844
318654
85348
994218
104359
467091
102669
701562
979991
410234
370870
161786
7854
454302
555174
760871
754209
297111
445422
847197
71409
93756
132556
565156
293460
161816
18660
706119
379474
309144
907318
362043
632206
750431
941446
283058
133367
807402
837833
315302
779436
382899
12009
101398
661046
755842
160065
764030
606912
221674
295065
311280
592081
442740
530228
195063
895053
350130
918910
890181
248097
531682
296570
141454
563084
911725
676647
362334
563055
985926
672147
721570
504921
697797
793724
326319
675815
269278
129385
840717
751927
848144
188605
14337
380677
794042
326355
695679
79312
793068
398720
334571
102719
964691
530300
879383
825202
779821
209044
629344
626059
912466
530973
610330
485999
174716
468083
687939
645890
627446
655481
101370
639086
296371
118057
269711
187606
349226
885856
465308
623339
588556
682158
840776
526469
635516
771377
383637
10451
79732
361278
471729
395432
363763
279421
3536
227386
831764
763700
461695
909708
129562
512346
819662
42386
203840
981912
397754
634372
260624
998371
446068
142696
654223
74452
635517
949131
176496
101170
169282
747017
186577
579643
21415
185867
750078
651948
184269
518284
856069
506004
583043
173068
842770
415850
910643
925321
951385
106853
99215
112268
692622
387534
175676
50941
738120
932348
855806
997240
536928
690659
108205
430757
973864
987351
498502
966489
697163
962254
817671
740236
997355
91882
380426
285753
909884
588564
486957
597210
451861
531323
854978
663793
524873
899694
809958
593282
251918
443453
423728
115798
879960
768990
590873
904344
657956
190893
285208
45235
360815
895292
418784
493493
661938
671869
686632
989991
941280
347995
853538
751294
654943
689806
830889
565935
554422
608329
722890
314355
510668
171298
86292
952219
192757
147492
523090
37214
829552
492953
677492
831315
861026
604400
875481
143475
689002
780180
426942
590605
695622
686067
601278
70636
817961
441972
332657
528999
866444
742331
483749
503309
523030
194927
49427
829076
554470
212805
927769
425329
384564
663907
684614
393932
45180
817124
295783
116975
799247
224480
87987
932577
549731
4772
170222
818507
365244
431960
822933
762064
681657
50699
367808
106652
171727
698081
704648
85864
967459
884656
990061
750123
201528
171206
21166
84711
680741
261660
443563
880443
153709
687189
490916
435847
34800
369528
470045
413224
221843
717411
798250
388941
565176
915443
932349
603300
982566
208377
30243
342624
605780
875677
254067
870734
534529
907131
719482
108762
768214
60921
704054
80563
447408
76473
741961
431806
884320
416715
100851
352456
177016
772368
180156
287841
96390
695074
992641
868562
405824
944827
973169
328074
167484
689901
838471
375763
132891
556155
206976
401095
352306
998980
419047
375596
337493
516958
414165
644313
706545
476218
728571
256501
345472
674561
853960
354790
882987
560861
359367
703637
614739
386304
943663
934820
84762
270997
33228
94206
981523
67023
66219
538569
312070
159065
717166
579613
90897
557559
735374
8741
729585
983044
980026
230940
559499
946940
404612
310455
579762
860478
687327
261034
200548
476382
382025
702113
741667
219156
554018
209907
571953
340596
532794
95550
216530
190313
775002
659636
670563
314186
409302
49302
279476
579813
951409
313116
290012
949766
693813
920080
980228
828706
728486
722600
67809
255663
853724
981297
688071
279914
526221
77134
845932
194206
288438
848812
19417
384961
605600
402749
209869
287651
589732
808347
625361
387243
576192
273891
367782
535354
719117
117430
367339
217387
814763
150365
45594
8283
866400
748000
941184
454408
871560
75946
268834
120101
782368
861718
255387
830619
392533
395869
395873
484285
384191
628116
35055
628904
837134
363812
485563
850164
136204
878504
90053
379785
851260
841188
809731
397997
895216
7177
696209
588725
424887
590492
143457
965951
563393
682968
158080
920405
854438
56477
206495
776182
138099
301644
90773
751083
71919
501144
312433
632519
924847
111694
942627
646392
575644
145422
80607
999534
879137
582147
923355
217064
904193
561242
153038
632702
361484
910818
803311
135973
679774
60302
628179
908382
98820
704103
439560
607019
62685
859148
776609
620411
72681
383261
498781
878025
843442
839140
116549
867655
621759
500075
595132
530622
684469
577550
416525
633144
246837
698217
958032
118568
241136
40338
495650
119018
696979
145531
170641
100025
425651
593841
659771
851643
244971
60501
720332
672096
372786
729410
425418
418187
608913
915133
119977
159641
122749
601154
57046
589219
168158
238783
60908
186142
771193
245593
131584
281056
738279
941102
136610
513684
307311
127306
713197
809524
799430
501417
182684
633672
660495
842586
966721
428653
384766
830691
936170
425780
893361
694081
378027
450801
940472
728013
434238
986830
862451
40364
164737
456491
86448
776739
985635
849586
701356
29383
928158
103175
804158
802503
463869
236580
919591
743624
491529
20693
707807
927211
242863
327584
447256
627010
628519
200747
478
440577
194808
986648
518210
257656
500377
172309
718017
222291
291180
622881
284111
242042
482341
626649
249600
251736
8049
740446
10285
75210
641833
181978
930680
7449
44151
790366
804023
534414
208642
250756
714409
175610
468415
576713
721431
232406
429217
103350
100306
246180
208748
607719
215451
25550
721175
996929
680949
599051
408411
45894
339942
126005
548117
247757
569507
610970
921174
717146
245409
783236
200845
823855
908681
176035
914841
684505
379813
396316
729923
336815
662466
812716
542610
62638
576073
106847
249205
523631
987639
355808
396171
318350
734663
292935
698210
504074
632345
874035
428563
34917
324690
249024
867204
999574
988538
616823
562211
399230
959943
841845
504561
824868
647322
802243
243768
851325
509784
188107
895298
261247
299280
676252
1371
233714
543798
62606
628104
628717
901750
46403
859969
989100
134897
748804
983841
91868
556150
961730
829585
22619
209357
693023
308091
163192
872699
928921
883089
485614
939907
558015
519617
879091
536860
258853
742451
391302
196932
220434
476952
588808
804006
448289
852361
602330
683890
206486
897289
862737
489752
304557
257353
284723
388140
604558
557629
173455
108338
809290
392985
432050
465251
231890
452490
74486
435219
644671
773763
386479
696227
124297
493877
659952
705855
210301
773507
387737
396251
162324
578655
67037
386104
620706
402417
688782
247891
125232
569483
46744
287414
675588
926755
845269
89358
530442
988220
337458
762479
831196
331810
884796
66102
990374
360950
346372
930266
26356
469991
264985
718379
258356
105793
987652
699379
239881
577729
528009
32136
146468
15320
670899
946448
553285
898803
417505
142386
124995
615425
341548
602145
50714
57958
906096
261020
917817
666739
388526
639468
559149
65223
175229
548945
263125
119086
281086
460157
987319
607465
141849
271318
132884
652380
925798
794573
213651
699613
285451
498209
165544
758882
984514
898968
717104
576139
809524
833879
44879
381238
30469
22726
818900
687165
571774
958463
83091
965757
685564
281770
229154
348539
622762
502839
254930
983202
147021
89438
935540
698922
249220
588020
277840
74337
892619
84161
974112
842477
423283
76354
947797
620278
878280
767647
833906
741831
29436
873524
473466
750220
121881
566511
758408
214502
131482
534307
857813
107338
462489
722524
553
954480
420958
818519
656087
785864
99099
728150
853222
228409
137448
661230
227014
643386
469718
75555
143811
783938
489226
709402
505628
588469
912551
214494
194496
235049
142055
745480
957918
459543
4339
925018
679784
693636
876118
923053
908328
371212
787964
781418
156518
451656
802170
984331
449383
852870
532963
24778
881246
270259
35915
500187
726149
419188
343848
672678
729713
554448
511710
572035
398129
431907
301774
584520
962194
502658
236402
374662
394044
157493
605325
460670
500478
352108
692443
503417
563903
166004
781327
525782
140074
572292
122685
983009
480384
277799
569072
54379
514162
510999
41234
750072
353664
642941
762484
629964
793180
135387
215936
877321
542637
85868
267774
136547
372109
208975
47661
513901
128042
503016
566747
808123
920195
96450
648388
963760
876612
807465
681727
760471
114859
860520
696135
790956
302373
808878
569491
703073
824838
429749
657526
149418
602561
528506
412204
503294
25899
555123
132443
842787
745746
777790
558607
474340
803543
241007
761551
684099
684548
415094
614141
70892
793348
942404
520857
696625
517197
341105
680717
428393
627623
673568
747310
522227
989867
563918
367079
81624
55789
161871
232504
461717
997406
222346
121858
680198
786285
497404
703120
437822
488834
167968
358212
406085
813187
634866
76653
964492
785619
827887
702884
786991
497534
808258
309813
532908
330441
520014
793683
740845
10639
169491
255340
191624
371135
490074
639199
583916
991553
912056
590811
565300
472412
440745
116860
8496
645785
337030
442998
683145
40579
852437
566111
986453
192522
344818
787734
270696
304693
621263
678868
609273
651382
127865
687282
652305
532590
146712
176874
650373
816931
306444
640544
396254
276833
781144
556702
289028
764071
344305
220754
146926
487305
329923
850171
791321
217727
921215
823064
494339
868422
808020
849870
604179
533359
850558
511364
236643
94879
98770
925875
956080
134346
436197
715952
796636
444450
714657
85394
843969
217397
571896
139940
844737
473361
996813
841053
472846
739985
517360
843566
925565
784328
931094
278557
175086
750752
383361
918647
699236
240122
698437
163268
80552
901489
922044
932529
686061
425262
761749
747064
983949
158112
486601
879378
859724
924607
783784
91631
171601
85165
270064
197155
241475
107513
120507
947780
648413
813079
133073
117762
701103
46799
95108
217398
927269
263864
553092
758706
761807
179697
422730
714669
417637
137194
90200
396151
385006
463213
30643
505680
722108
435643
709619
544882
797310
6926
618959
672817
844097
478461
609388
580613
654116
385518
831161
321088
422052
805083
123800
626193
869399
243578
718655
748371
973902
473182
276992
965051
585518
764189
415453
796708
803969
202040
548210
678801
547806
491172
493469
151141
487570
270958
326965
868933
545214
654849
382572
978100
946048
360438
246703
131417
803527
523787
77411
244993
293555
582397
213401
369864
451309
266292
489754
889270
970619
844224
328956
136406
112819
645120
419450
980518
186032
268617
503305
640355
994941
759726
821709
205432
887905
629556
858331
433423
20008
644452
721136
589641
735662
718976
485408
39954
968170
446399
717532
281577
375139
968914
864600
534681
774633
525486
133712
414541
162331
678131
573252
885269
655604
973310
789230
213338
708031
842849
357922
707471
303613
51412
219083
187184
547167
402102
101442
997632
691400
378694
673765
576054
218308
648469
223028
225271
903462
274360
226960
54383
369917
852178
863214
437781
5426
4104
662523
259866
765639
116233
71443
935505
680242
289848
442562
824030
440553
649184
119804
386597
827274
301595
784149
747304
307129
448015
490713
824464
465979
525844
914046
982639
331037
558190
824074
995313
131314
822949
557933
857806
79917
252112
384110
589982
984385
197820
856953
956512
493124
872487
564892
145645
819709
25534
578231
834512
688822
272698
943944
175262
789965
666484
280819
142258
200141
787054
66052
124850
805166
461573
842096
174992
323220
127239
877530
946627
369881
617487
655975
603016
388776
319566
419001
925915
930107
283106
188470
134262
182848
801835
326948
695127
592112
593891
449579
347492
141179
580436
36010
794459
13504
565576
309539
56615
119977
407630
506267
189763
868160
272574
401770
593622
8333
464248
999116
265921
822795
553810
637637
69372
459998
462104
676604
699225
41782
514488
371468
789120
497307
972546
510020
400497
364018
169581
267912
21174
261968
566582
515561
307632
38608
651653
433961
826420
478425
689288
973690
417336
952489
361904
627589
578576
890523
137177
680050
763838
456549
431557
689534
248656
550479
865522
981022
369518
487664
984615
734918
27259
115890
347647
299996
903965
348286
98006
569450
257014
695436
412841
398478
282628
903636
163651
899067
681642
338542
12909
337112
77554
100866
376070
780029
109353
988847
379952
951681
696321
177739
323651
579937
795248
238070
874313
281185
331052
487780
579924
332888
342307
657283
508158
65926
218338
326440
225199
326213
372587
306532
637271
758043
630722
332260
402177
703843
134996
306512
421190
680360
542017
309977
406695
421889
168379
177173
826040
518239
995921
990218
293827
167433
707301
286404
600780
261918
394579
196345
778607
239308
898981
668256
337721
977231
607850
126194
827027
522214
847688
325443
390989
808255
455387
870370
689076
530228
967508
199937
424254
853274
6420
803467
980843
718407
979954
410033
927240
802551
959500
729211
847949
801598
543370
361453
179044
135784
670557
312856
860935
276736
61542
60479
905180
914640
495669
128995
780601
336073
528526
553677
707690
50857
498767
249701
29068
677114
963124
178195
711600
644258
880195
685871
363828
339822
280173
505286
911599
712292
392094
250875
337678
331575
737057
45862
13456
564931
709723
112153
924512
171351
98795
915810
761963
259244
799616
489854
823785
930044
160830
585965
270505
193890
668167
607633
868230
482365
423620
715310
309414
160494
587148
197406
217275
296052
782269
529023
167061
931131
240987
110739
15820
3732
88761
33410
550029
867548
445965
641808
482697
876108
280229
913270
120023
712179
994037
292943
135074
833534
540480
824675
691405
792855
128788
261425
392316
472710
780968
725016
620813
328440
617813
42907
831551
64010
692394
981650
753607
241449
288078
806561
375273
389113
965181
16664
942834
56251
256479
949236
273033
725852
932870
968584
261788
55847
228044
566042
909877
735508
754516
808089
434385
395902
364178
291066
316107
564193
969908
295128
178133
312094
461318
113909
915545
223357
673019
31459
139104
695802
479197
955260
216642
266107
387570
581894
740888
877185
751652
229388
475870
627535
772288
426165
903815
264982
480426
360739
624017
522470
199229
504209
644543
927059
320016
643831
296795
429470
16334
667855
281492
677142
750108
703366
72857
810834
407344
792982
813766
660124
601442
887621
171743
904751
622583
632212
186915
884914
731093
646922
476680
187426
713968
153729
727780
942756
743754
690617
735502
841567
998197
240410
83102
872171
546559
265883
997856
113126
331446
981887
140153
351267
230296
643316
667058
566532
66557
694741
484821
279418
362497
664617
566658
456782
842999
920954
965006
810704
125244
506331
824267
896756
621765
100172
446030
488198
572641
719071
67953
791886
252495
305579
622094
244225
659485
935117
648985
812343
678814
623995
192838
633330
791867
941645
161740
39497
701128
37282
745203
943948
435207
104178
69169
736296
975434
773956
321620
460389
900838
945709
544358
765762
541917
601164
181896
66579
934912
279819
156634
813189
250636
857948
305645
191806
267497
484937
495320
923248
122238
300162
714484
234313
512402
891437
305072
493520
320109
26040
923042
189208
979231
11088
160654
169715
960729
642721
907178
120414
486609
973384
433265
394363
928223
656631
623830
392509
686788
531789
12074
137131
686649
280687
492871
849253
36831
129133
531134
703644
717182
71753
420001
450637
720814
452248
33772
897010
53724
36114
663060
512892
638885
180950
640635
792648
529405
999396
374551
93887
558210
886678
78989
590831
122367
815005
535591
786992
935980
561922
20085
404560
646906
495515
193591
91219
634626
797255
552962
163197
898185
564766
731339
607541
972547
219024
396660
623133
574324
705052
682551
458211
135315
406107
360236
923129
784599
68494
164049
534367
275834
388057
172016
838626
36903
57299
657151
110350
583387
425883
730023
970682
570663
350141
51721
592686
937227
927223
906432
843809
197381
628085
836373
286901
600917
941233
637666
335005
789882
173829
509353
572669
162582
250955
297966
429528
471079
898433
574171
233685
36782
100159
608296
424131
252293
955848
767162
145828
716841
880352
337309
49468
298558
57877
1866
678166
28817
285549
857523
188071
701916
17551
11404
100116
728985
343448
721759
977647
289496
80838
351333
942768
38647
731784
293212
495543
582672
988445
138288
174594
60875
68634
455677
649794
886657
440073
270485
125025
960042
739626
720146
840389
710397
379648
182807
925629
860987
383187
708466
844182
223452
931958
134518
788136
857310
807465
492117
816577
481120
984828
937177
653075
920456
348137
479502
604264
513920
106728
548498
263944
251370
300165
842228
296228
446453
349488
666863
75396
128627
221452
67609
708523
471709
919434
429465
454496
620319
872899
67721
123458
340440
997381
939250
308987
630428
514634
901405
538051
138583
673347
16236
175850
950606
129795
180077
692248
660330
879472
635521
928955
861325
119097
656757
301021
705734
756330
977223
916850
664476
614273
457563
343163
812038
218733
778746
646174
741439
909349
127952
31574
230756
182572
661964
506519
348788
550711
475446
768381
553481
924990
789556
752640
248736
137565
953240
769707
630557
631161
216850
401009
558515
401317
723540
423
695645
598551
476916
993385
54920
5105
400002
414368
218798
961793
377153
444647
414195
838227
46472
342960
45513
802816
181767
313232
592886
575240
88381
34681
291537
914184
680563
95472
814
908771
611255
938541
779569
377271
695025
378410
67941
924913
46252
711439
235036
477247
978574
528095
206345
238866
852791
391526
412164
193098
395998
267590
848268
972285
853379
789065
385323
866584
139905
120089
72638
574212
582720
680049
874324
21774
226694
48835
315261
115969
803879
484324
852337
451599
166896
374199
684016
604113
349619
667690
759459
681983
741677
51106
723484
692503
260545
425577
467539
640685
949987
944945
668439
716829
241922
950364
376775
429921
322085
713662
73454
757968
230443
302073
185978
357327
830508
632124
725033
105648
384762
288249
28820
421176
85419
25664
289930
262752
438583
383035
547974
721936
280835
444068
782556
6754
408139
592114
999386
65902
527807
662002
435129
946064
82581
863126
577587
982398
232
20790
349885
941148
46692
925010
529027
303064
947876
366674
775475
964645
96325
281358
469650
741337
772280
2441
143324
502326
148740
255717
427961
642182
684168
692115
934016
450752
595273
403965
367042
423825
175477
93946
154203
55664
393894
695255
533225
629708
203792
65160
562500
649648
345628
601356
67503
500932
872066
171114
318637
573673
122305
520968
50154
916285
566840
459471
360015
305673
252753
517318
749296
798455
519560
847799
608580
56596
675630
846063
4504
722002
673723
233892
841503
634929
912330
191967
840946
747026
267713
937404
609471
514960
524870
202639
889842
600390
219870
406054
630264
54958
305417
201283
962576
339438
459818
239560
793686
430550
699926
173988
470095
735724
946875
157642
783114
185448
119458
124479
916704
592854
941471
65805
835957
899188
265745
66223
191401
507595
671961
331234
777567
671209
282344
44562
752763
236518
553825
546241
416835
596186
502684
111844
890257
933538
999715
442387
520636
277196
723112
951470
609299
435112
834663
282011
889296
925318
143659
468140
565279
836284
355191
166484
827983
726242
987008
627906
898092
1144
840639
183067
119938
704053
304456
155630
52283
740295
999091
700449
253825
362202
95809
796016
148707
616050
91921
23282
51968
770425
248407
824781
7875
301769
691297
346242
484203
642746
507000
387579
521838
139948
644079
47771
839508
279222
832269
11038
247007
761495
56939
979748
298106
351332
891280
457097
683205
888572
480112
816011
137352
986783
364665
671142
737347
61348
697624
278426
938782
203123
999510
649630
463117
990651
826779
558406
331686
47761
203583
346655
118325
450041
766583
34314
912298
290944
79951
20310
865103
930370
53318
148240
265132
525064
855989
197468
700161
480884
655444
628920
365722
445118
744273
354416
219367
162824
205418
782990
923841
347
223533
12295
720595
311996
499321
402337
685433
743754
36177
89064
744123
986990
219678
536791
566944
637623
702771
813184
431261
561212
289982
294519
832958
624235
984413
723394
317361
360336
904216
327949
281824
453341
618413
756777
978237
244513
690491
250679
444597
224764
62544
491673
604187
655049
190716
390928
375416
981707
320543
876683
40121
921102
540463
68196
971458
148682
168343
77603
752643
738045
426313
846914
411395
173052
758398
966644
226401
117300
311483
341334
694326
429075
710364
127740
923374
291847
572185
792146
135711
559380
332767
716441
875789
212547
689492
906208
666229
260430
839067
949736
108207
698344
820335
427456
378901
395292
171523
912976
330154
246940
618265
520747
744497
398143
824986
66758
833195
34512
451732
453119
382865
635788
45129
530698
597542
473469
239288
3195
951096
473364
525478
129460
280727
743057
740982
808436
881079
687198
722078
466591
751300
83315
239430
27043
833271
251629
42957
598963
439546
626622
526966
265504
381157
893016
526318
399297
865689
394623
988399
48865
55509
410318
483443
61312
397331
790302
925947
559699
974252
245988
577506
524337
94125
791686
545944
859631
652430
303955
591175
522093
534420
626251
260871
732235
37622
308912
385245
60487
213307
993438
672768
528294
770655
901518
676684
640894
462153
800188
633013
892439
776044
526726
910484
247513
310085
274658
967503
952788
730395
631494
127428
727296
672233
379831
110882
277775
4375
537994
401976
200002
306389
505265
868421
194081
398264
559555
969938
239883
588310
745673
460245
422089
160168
62222
726525
89531
88500
654023
130628
585078
856925
951859
972415
225442
472096
19715
64373
509440
171621
165225
557437
951357
988744
697324
565021
986703
806274
341142
52500
611423
347336
357250
750255
373811
510327
788860
875060
840786
272558
624543
452593
51977
879536
711430
403308
917212
138176
854668
309424
800621
736073
253844
817089
188568
530460
1486
211023
589728
208597
208465
339124
27204
303936
41499
257702
203769
626604
412160
850010
718569
616057
686189
714959
557563
982682
526386
185052
296310
73709
278862
662970
301957
781786
740647
147555
539555
991148
126040
727374
359909
248929
432043
421736
959736
742930
396481
22566
28420
435386
966763
382959
214312
549615
539435
601772
288643
885682
256609
550595
351498
994486
34472
862114
983893
176980
494496
125488
802388
83674
357549
797561
284936
178485
218007
195624
2289
664097
940032
496217
6024
476319
530626
299129
255234
362369
132689
288400
561317
431603
394049
451890
597144
457081
16537
243951
643844
756211
638774
505921
966455
812352
33820
265197
400664
444289
602704
838136
384633
374154
882772
267874
926350
745278
226121
638255
819135
936285
379103
877445
935586
48825
530372
553294
563447
137322
701121
985076
849738
425105
2066
814204
616305
445423
762571
550535
370060
668995
401218
34675
755085
383831
719164
168450
860631
957887
144188
422545
447552
538992
362694
774745
643633
655327
245953
776327
228266
676796
542952
756262
814517
966920
776608
979270
959753
588711
548928
288280
316021
202627
957065
516408
69061
106302
378139
24216
85727
596777
576395
492281
534467
132922
598107
556878
604880
352922
776941
175202
589944
285873
27502
412602
145417
265152
916387
725358
529900
704698
612503
69732
901041
631829
237681
322848
652800
259037
847738
604097
974773
61970
440441
599079
526130
512587
679256
59690
737199
785378
899310
490630
159323
398525
276443
630762
21538
794338
130278
637016
365649
878193
844673
871496
309155
543640
61254
398228
182525
153965
596145
680996
565278
25213
35880
157634
305207
929095
726382
752109
967835
456727
405302
927507
973770
517615
526306
921669
189718
361471
823911
802391
567112
335618
520458
405792
453365
248055
302571
601427
92272
911301
813999
953527
982628
687720
110866
869085
954887
250424
178298
271060
229293
333052
415587
354788
361485
522118
393657
647371
536273
477530
156165
141275
516300
453153
941630
29822
906708
795624
216844
202529
590856
218464
625570
665376
203359
962220
891327
951784
678557
666376
798691
235826
931120
537272
359474
126170
387206
299830
675630
582089
378253
200974
111460
317196
549422
212707
585259
669220
644907
981291
332513
541240
127299
527248
622489
721305
443007
854306
854652
933778
156692
775457
806459
734030
802238
913459
778910
974704
7200
293824
663636
118751
54523
528071
39559
78990
701408
343943
350348
855098
425793
386224
973610
97970
200710
830257
825550
724905
45187
44625
735945
467416
808892
231243
421223
922392
133291
532971
980463
257842
457336
239262
872540
876331
73346
816498
91398
662337
601395
923903
361984
180463
289413
358313
318282
323941
759051
466177
509154
161978
709677
636800
945836
634128
177650
666900
63361
578652
415069
869976
90526
434772
118534
32700
12373
673
908081
941746
293622
434831
645152
625622
87163
80995
382627
30228
760305
740159
979804
67942
773747
596845
930855
940676
424164
600535
653272
834562
766465
506376
340841
663606
266855
254386
669094
565157
723519
911602
932215
192676
610564
544261
12595
240586
262867
430107
569275
561504
224121
925282
586153
286393
857069
478215
633804
16543
605479
393813
715023
363743
450773
952131
416865
154940
905172
689616
142903
902125
665872
284526
618742
985245
251235
368408
268889
957494
793780
218813
404408
609482
27360
346885
929684
154389
209473
808129
259472
348438
434285
72700
249793
470542
509661
982954
321282
67808
4014
716224
499360
78017
561728
83416
448263
765170
900753
937282
960652
553096
620315
493865
55557
770396
5457
868062
89314
986450
242806
95796
837943
363179
560283
643445
326823
489595
695292
942227
487948
483120
246236
64155
133661
253851
115667
739144
71212
565994
865813
607291
525107
33513
316663
458675
226056
313618
974714
534936
994953
739010
716822
296790
688129
386555
631355
430854
51769
211326
593691
658646
515149
656872
258741
328414
30023
517503
713650
279054
887875
390118
660892
174319
290943
268482
294058
954370
536422
274014
643772
26835
271041
557808
974414
908958
628769
415468
271309
476428
515651
293167
45946
502909
540329
218759
106661
195153
763665
895126
281756
515773
55187
28084
230338
498580
147163
96232
122985
802879
920609
218903
346896
159571
644426
294285
331865
764132
826359
323383
608516
582720
304415
156029
924625
307987
499103
939662
417250
204777
739747
301950
360223
248208
104553
528503
842169
835512
788782
737484
476613
851289
673644
339214
580625
937433
625219
804076
861609
51067
874037
538833
264433
585790
295301
803272
882061
696035
923238
833178
315902
108022
785902
588538
120661
76061
841367
173446
868681
284610
922266
507184
825695
8257
864662
345380
633840
931901
14326
910367
264307
517950
525931
958639
401371
473877
789020
785152
126013
523563
572788
430084
847672
999576
4067
186150
435762
997351
67767
46319
596956
753917
569067
606861
37642
764392
605200
789198
955553
159662
369619
551130
964980
304595
297249
510177
740028
629748
740412
59840
700275
96041
822772
526431
496728
757135
209365
292796
267919
443350
985260
621643
294115
680666
34669
193374
769312
629177
205776
195447
12432
188044
305289
342226
99904
446449
852018
275128
610835
705647
318084
579077
818015
494414
71095
762476
19492
526414
36430
314817
755661
431907
390684
424877
363165
230969
731156
159709
512205
982999
526352
27095
881170
810116
308683
362150
848289
758471
76474
557126
498410
314833
184294
832772
335940
43798
426812
146541
690561
913964
522986
143995
668351
773101
776323
38477
663467
451808
20940
118438
508311
508388
960752
520684
237703
982890
718205
104474
602604
335676
554258
351904
254540
522692
950067
642021
604425
355307
495926
99502
75524
753870
72293
745956
661749
669644
660939
483854
504071
632538
762165
956899
349171
286475
163697
995417
891556
498809
789140
111789
623826
339094
783418
99589
769959
787491
442257
321499
854876
788706
458752
880709
679091
721609
133818
562289
19738
480377
854400
962071
827254
149968
259507
952747
812026
729405
523030
203633
956835
454609
596668
546058
668739
471525
899403
607583
783423
110500
865580
644684
410691
760255
511945
142453
604187
782135
380393
486948
152577
120002
383251
236185
348005
989076
217678
675750
732834
121255
11368
562051
808839
98811
738247
349325
395574
285661
159013
16489
584717
672452
85142
988169
239203
924787
259543
803228
335082
932486
254525
343975
797448
954178
616096
291500
708630
974236
721295
149812
666788
657585
747561
157717
76776
781506
806108
920806
616827
765706
812088
447232
964370
554051
401185
582645
745721
822626
793724
228539
733519
